0 0.53671875 0.56805555625 0.544140625 0.5736111109375 0.554296875 0.56805555625 0.560546875 0.56875 0.561328125 0.5548611109375 0.56796875 0.55625 0.568359375 0.5611111109375 0.572265625 0.559722221875 0.577734375 0.5138888890625 0.576171875 0.4895833328125 0.57265625 0.475 0.56640625 0.47222222187499996 0.55546875 0.47291666718750003 0.55234375 0.47569444375 0.5328125 0.475 0.523828125 0.48680555625000005 0.52109375 0.4986111109375 0.521875 0.5333333328125 0.5265625 0.5708333328124999 0.528515625 0.5763888890625 0.53671875 0.56805555625
0 0.52265625 0.5548611109375 0.523828125 0.5361111109375 0.521875 0.5326388890625 0.51328125 0.5298611109375 0.506640625 0.5354166671875 0.5046875 0.540277778125 0.504296875 0.56875 0.511328125 0.5694444437499999 0.525390625 0.565277778125 0.52265625 0.5548611109375
0 0.0953125 0.5201388890625 0.096875 0.51875 0.1 0.5013888890625 0.104296875 0.49791666718750005 0.10625 0.5013888890625 0.108203125 0.51875 0.11875 0.5208333328125 0.120703125 0.5173611109375 0.121484375 0.49375 0.12890625 0.49930555625000006 0.134375 0.51944444375 0.138671875 0.5173611109375 0.1359375 0.49930555625000006 0.136328125 0.4701388890625 0.134375 0.45 0.123046875 0.44444444375 0.111328125 0.4486111109375 0.107421875 0.447222221875 0.097265625 0.4576388890625 0.094140625 0.4701388890625 0.094921875 0.49652777812500004 0.09140625 0.5111111109375 0.091796875 0.5173611109375 0.0953125 0.5201388890625
0 0.755078125 0.4388888890625 0.753125 0.434722221875 0.74921875 0.43263888906250003 0.743359375 0.43263888906250003 0.73984375 0.4361111109375 0.740234375 0.47430555625000004 0.74921875 0.477777778125 0.751171875 0.47430555625000004 0.755078125 0.4388888890625
0 0.78515625 0.4388888890625 0.7828125 0.43402777812500004 0.778515625 0.43194444374999996 0.775 0.43402777812500004 0.771875 0.44166666718750003 0.7734375 0.47430555625000004 0.77890625 0.47569444375 0.78125 0.47083333281249995 0.78515625 0.4388888890625
0 0.73046875 0.45694444375 0.728515625 0.4513888890625 0.725390625 0.44930555625 0.7203125 0.45347222187499997 0.721875 0.477777778125 0.72421875 0.48055555625 0.727734375 0.4763888890625 0.73046875 0.45694444375
0 0.661328125 0.45277777812500003 0.66328125 0.4479166671875 0.662109375 0.43958333281249995 0.653515625 0.44097222187499996 0.649609375 0.44444444375 0.65 0.46458333281249997 0.65390625 0.46805555625000006 0.659765625 0.46666666718750005 0.661328125 0.45277777812500003
0 0.590234375 0.471527778125 0.59921875 0.4701388890625 0.603125 0.459722221875 0.6015625 0.44375 0.594921875 0.43958333281249995 0.5875 0.440277778125 0.58515625 0.44305555625000004 0.584765625 0.4486111109375 0.58828125 0.46180555625 0.588671875 0.46944444374999994 0.590234375 0.471527778125
0 0.973828125 0.46388888906250003 0.978515625 0.47569444375 0.982421875 0.46805555625000006 0.98828125 0.4673611109375 0.99375 0.471527778125 0.999609375 0.46875 0.999609375 0.43402777812500004 0.99375 0.43125 0.970703125 0.43263888906250003 0.966015625 0.4361111109375 0.96328125 0.446527778125 0.962890625 0.4513888890625 0.96640625 0.47083333281249995 0.968359375 0.465972221875 0.973828125 0.46388888906250003
0 0.90625 0.46875 0.909375 0.46527777812500004 0.912890625 0.46527777812500004 0.913671875 0.47430555625000004 0.91640625 0.4763888890625 0.92265625 0.46875 0.928515625 0.46666666718750005 0.9296875 0.46180555625 0.929296875 0.4548611109375 0.91953125 0.44166666718750003 0.90859375 0.44166666718750003 0.90390625 0.4458333328125 0.9015625 0.45416666718750004 0.901171875 0.47430555625000004 0.90390625 0.4763888890625 0.905859375 0.47430555625000004 0.90625 0.46875
0 0.62265625 0.46944444374999994 0.6304902343750001 0.47505625 0.6339375 0.4745236109375 0.640682421875 0.4755888890625 0.640832421875 0.4670673609375 0.638671875 0.446527778125 0.634375 0.4291666671875 0.615234375 0.4298611109375 0.612890625 0.4361111109375 0.614453125 0.45694444375 0.613671875 0.47430555625000004 0.62109375 0.47430555625000004 0.62265625 0.46944444374999994