0 0.672265625 0.43402777812500004 0.669921875 0.4263888890625 0.662109375 0.42222222187499997 0.65625 0.4263888890625 0.655078125 0.4388888890625 0.65703125 0.4513888890625 0.671875 0.45069444374999995 0.672265625 0.43402777812500004
0 0.68984375 0.4673611109375 0.6921875 0.4576388890625 0.697265625 0.4513888890625 0.69921875 0.44444444375 0.7 0.4388888890625 0.69765625 0.427777778125 0.694921875 0.4201388890625 0.691796875 0.41875 0.68359375 0.42083333281249996 0.68046875 0.427777778125 0.680859375 0.447222221875 0.68671875 0.45625 0.6875 0.46666666718750005 0.68984375 0.4673611109375
0 0.730859375 0.45694444375 0.73203125 0.46180555625 0.75234375 0.4625 0.749609375 0.43680555625000006 0.74375 0.42291666718750004 0.731640625 0.42152777812500003 0.7234375 0.425 0.7203125 0.427777778125 0.718359375 0.434722221875 0.719921875 0.4548611109375 0.71875 0.459027778125 0.7203125 0.46180555625 0.730859375 0.45694444375
0 0.619140625 0.46458333281249997 0.62421875 0.4611111109375 0.63671875 0.4625 0.639453125 0.4548611109375 0.63828125 0.427777778125 0.6359375 0.42083333281249996 0.632421875 0.41875 0.608203125 0.4173611109375 0.603515625 0.43541666718750005 0.603125 0.44305555625000004 0.607421875 0.45069444374999995 0.613671875 0.45277777812500003 0.619140625 0.46458333281249997
0 0.905859375 0.46180555625 0.916796875 0.46805555625000006 0.921875 0.4583333328125 0.926953125 0.4625 0.93125 0.4583333328125 0.929296875 0.4458333328125 0.92421875 0.434722221875 0.92109375 0.43194444374999996 0.908203125 0.43333333281249997 0.9046875 0.4361111109375 0.90234375 0.440277778125 0.901171875 0.4486111109375 0.901171875 0.46458333281249997 0.90390625 0.46805555625000006 0.90546875 0.46666666718750005 0.905859375 0.46180555625
0 0.958984375 0.4625 0.958984375 0.4270833328125 0.9578125 0.425 0.955078125 0.42291666718750004 0.94609375 0.4236111109375 0.941796875 0.4263888890625 0.9390625 0.43263888906250003 0.937890625 0.43819444374999994 0.938671875 0.4583333328125 0.9546875 0.46458333281249997 0.958984375 0.4625
0 0.928125 0.46180555625 0.936328125 0.4576388890625 0.93828125 0.43541666718750005 0.9375 0.428472221875 0.927734375 0.42222222187499997 0.921875 0.4263888890625 0.919140625 0.43125 0.919140625 0.43541666718750005 0.925390625 0.4583333328125 0.928125 0.46180555625
0 0.637890625 0.42222222187499997 0.6390625 0.41944444374999995 0.634375 0.40694444374999994 0.626953125 0.40416666718750005 0.609765625 0.4048611109375 0.607421875 0.41111111093749997 0.60703125 0.42152777812500003 0.615625 0.41805555625 0.63125 0.41875 0.637890625 0.42222222187499997
0 0.571875 0.40625 0.568359375 0.40069444374999996 0.558203125 0.4 0.552734375 0.4048611109375 0.551953125 0.41875 0.55625 0.4236111109375 0.572265625 0.41805555625 0.571875 0.40625
0 0.424609375 0.4173611109375 0.42734375 0.4201388890625 0.432421875 0.4201388890625 0.436328125 0.4145833328125 0.436328125 0.403472221875 0.43203125 0.397222221875 0.4265625 0.3958333328125 0.4203125 0.3986111109375 0.418359375 0.40277777812500004 0.418359375 0.40555555625000006 0.422265625 0.41041666718750003 0.423828125 0.41944444374999995 0.424609375 0.4173611109375
0 0.294921875 0.490277778125 0.294140625 0.4986111109375 0.333984375 0.5 0.3359375 0.49791666718750005 0.33671875 0.48472222187499997 0.3390625 0.4826388890625 0.34453125 0.48680555625000005 0.346484375 0.497222221875 0.34921875 0.4986111109375 0.351171875 0.49513888906250003 0.351171875 0.4895833328125 0.355859375 0.4791666671875 0.35546875 0.4701388890625 0.35703125 0.4625 0.35390625 0.434722221875 0.3515625 0.4270833328125 0.347265625 0.425 0.33046875 0.428472221875 0.305859375 0.4263888890625 0.2984375 0.434722221875 0.303125 0.4388888890625 0.300390625 0.4548611109375 0.3 0.47291666718750003 0.294921875 0.490277778125
0 0.53828125 0.4701388890625 0.538671875 0.44305555625000004 0.533203125 0.43125 0.516015625 0.4291666671875 0.504296875 0.43125 0.501953125 0.434722221875 0.5015625 0.46180555625 0.50546875 0.47083333281249995 0.51796875 0.47361111093749997 0.53828125 0.4701388890625