0 0.394140625 0.5916666671875 0.39609375 0.5944444437499999 0.40390625 0.5868055562500001 0.408984375 0.5770833328125 0.415625 0.57430555625 0.418359375 0.5826388890625 0.41875 0.60555555625 0.40546875 0.6375 0.4078125 0.6493055562500001 0.41171875 0.6548611109375 0.418359375 0.653472221875 0.421484375 0.6576388890625 0.426953125 0.659027778125 0.4890625 0.6465277781250001 0.491796875 0.65625 0.49921875 0.6541666671875 0.498828125 0.6416666671875 0.48828125 0.6076388890625 0.4890625 0.6006944437499999 0.49609375 0.5951388890625 0.5015625 0.5861111109375 0.507421875 0.56805555625 0.5046875 0.5354166671875 0.500390625 0.5263888890625 0.49765625 0.51180555625 0.48984375 0.50555555625 0.44296875 0.51805555625 0.4296875 0.5236111109375 0.421484375 0.5326388890625 0.419921875 0.5409722218749999 0.416015625 0.546527778125 0.4109375 0.5708333328124999 0.394140625 0.5916666671875
0 0.575 0.6076388890625 0.574609375 0.6319444437499999 0.576953125 0.6388888890625 0.58359375 0.6395833328125 0.5875 0.634027778125 0.58984375 0.6173611109375 0.58984375 0.6041666671875 0.598828125 0.5916666671875 0.61015625 0.6083333328125 0.61171875 0.6236111109375 0.609765625 0.6347222218749999 0.619140625 0.63680555625 0.620703125 0.634027778125 0.623828125 0.6229166671875 0.620703125 0.5979166671875 0.630859375 0.559722221875 0.63046875 0.54444444375 0.628515625 0.534027778125 0.623046875 0.5208333328125 0.609375 0.5076388890625 0.603515625 0.5104166671875 0.595703125 0.50625 0.571484375 0.50555555625 0.56328125 0.51319444375 0.559765625 0.5291666671875 0.554296875 0.5326388890625 0.553515625 0.5361111109375 0.551171875 0.5604166671875 0.55625 0.6013888890625 0.560546875 0.609027778125 0.575 0.6076388890625
0 0.164453125 0.56875 0.169140625 0.571527778125 0.17265625 0.5694444437499999 0.173046875 0.565277778125 0.1828125 0.5694444437499999 0.186328125 0.56805555625 0.189453125 0.553472221875 0.192578125 0.522222221875 0.192578125 0.5166666671875 0.189453125 0.5104166671875 0.189453125 0.50555555625 0.186328125 0.5006944437499999 0.17734375 0.49444444374999996 0.154296875 0.49583333281249997 0.148828125 0.5020833328125 0.146484375 0.51319444375 0.146484375 0.5243055562500001 0.150390625 0.54375 0.15078125 0.56805555625 0.164453125 0.56875
0 0.090625 0.48125 0.08984375 0.47430555625000004 0.086328125 0.46875 0.080078125 0.46527777812500004 0.073046875 0.4673611109375 0.0703125 0.47361111093749997 0.0703125 0.48472222187499997 0.07578125 0.50555555625 0.087890625 0.5069444437499999 0.090625 0.48125
0 0.394140625 0.5381944437499999 0.398046875 0.5388888890625 0.400390625 0.5513888890625 0.41015625 0.5486111109375 0.416015625 0.5409722218749999 0.41953125 0.5409722218749999 0.420703125 0.534027778125 0.423828125 0.528472221875 0.433203125 0.51944444375 0.43359375 0.51319444375 0.435546875 0.5097222218749999 0.438671875 0.509027778125 0.441796875 0.515972221875 0.447265625 0.5138888890625 0.44765625 0.502777778125 0.444140625 0.48333333281249996 0.435546875 0.4763888890625 0.41015625 0.48055555625 0.403515625 0.4791666671875 0.39921875 0.48194444374999995 0.391015625 0.49375 0.38984375 0.5243055562500001 0.387890625 0.5319444437499999 0.3828125 0.540277778125 0.382421875 0.5486111109375 0.384765625 0.5513888890625 0.38828125 0.55069444375 0.394140625 0.5381944437499999
0 0.85 0.5381944437499999 0.853515625 0.5166666671875 0.851953125 0.49930555625000006 0.845703125 0.4895833328125 0.845703125 0.48680555625000005 0.83203125 0.49444444374999996 0.830859375 0.5041666671875 0.836328125 0.51319444375 0.8359375 0.53680555625 0.85 0.5381944437499999
0 0.763671875 0.559027778125 0.76640625 0.5638888890625 0.805078125 0.5770833328125 0.813671875 0.571527778125 0.809765625 0.5666666671875 0.808984375 0.5541666671875001 0.8109375 0.547222221875 0.814453125 0.54444444375 0.816796875 0.5291666671875 0.80703125 0.5111111109375 0.79921875 0.50555555625 0.7828125 0.5069444437499999 0.77734375 0.5013888890625 0.769140625 0.5013888890625 0.7625 0.50555555625 0.75625 0.5215277781250001 0.757421875 0.5527777781250001 0.759765625 0.559027778125 0.763671875 0.559027778125
0 0.814453125 0.528472221875 0.819921875 0.525 0.82265625 0.5298611109375 0.821484375 0.5326388890625 0.828125 0.5326388890625 0.828125 0.5006944437499999 0.823828125 0.4895833328125 0.8140625 0.4861111109375 0.803515625 0.4923611109375 0.799609375 0.49930555625000006 0.8 0.503472221875 0.808203125 0.5138888890625 0.814453125 0.528472221875
0 0.721484375 0.5236111109375 0.728125 0.51319444375 0.729296875 0.5013888890625 0.728125 0.490972221875 0.7203125 0.48819444375 0.712890625 0.490972221875 0.7109375 0.49513888906250003 0.71015625 0.5013888890625 0.71171875 0.51319444375 0.714453125 0.5208333328125 0.721484375 0.5236111109375
0 0.529296875 0.5486111109375 0.53046875 0.5305555562500001 0.533984375 0.5138888890625 0.53671875 0.5097222218749999 0.535546875 0.50555555625 0.525390625 0.49583333281249997 0.5140625 0.49305555625 0.505078125 0.49375 0.496875 0.5020833328125 0.49765625 0.5097222218749999 0.502734375 0.51805555625 0.505859375 0.5451388890625 0.529296875 0.5486111109375
0 0.7224609375 0.4888888890625 0.727734375 0.49375 0.728515625 0.4986111109375 0.73046875 0.4923611109375 0.73046875 0.475 0.726953125 0.46875 0.711328125 0.4673611109375 0.70859375 0.46944444374999994 0.70546875 0.4770833328125 0.705078125 0.4861111109375 0.70859375 0.49652777812500004 0.712890625 0.4916666671875 0.7224609375 0.4888888890625