0 0.41875 0.703472221875 0.42421875 0.70069444375 0.424609375 0.6875 0.428125 0.684722221875 0.434765625 0.7 0.464453125 0.7013888890625 0.4703125 0.675 0.472265625 0.652777778125 0.4734375 0.6479166671875001 0.4767578125 0.6458333328125 0.481640625 0.6479166671875001 0.4890625 0.6604166671875 0.48828125 0.6659722218749999 0.48797109375 0.70541319375 0.49501953125 0.70541319375 0.498046875 0.6701388890625 0.5 0.66180555625 0.49921875 0.63819444375 0.496484375 0.6347222218749999 0.494921875 0.6236111109375 0.49609375 0.6111111109375 0.490234375 0.5923611109375 0.4828125 0.5854166671875001 0.4640625 0.577777778125 0.45625 0.578472221875 0.447265625 0.5833333328125 0.434375 0.5798611109375 0.42421875 0.584722221875 0.415234375 0.5951388890625 0.40703125 0.6104166671875 0.405078125 0.61944444375 0.405078125 0.63819444375 0.409375 0.6631944437499999 0.412109375 0.6986111109375 0.41875 0.703472221875
0 0.507828515625 0.7011277781249999 0.5171875 0.653472221875 0.516015625 0.6638888890625 0.510573046875 0.6885888890625 0.5125 0.68194444375 0.516796875 0.684722221875 0.543359375 0.68194444375 0.546484375 0.6888888890625 0.54765625 0.7048611109375 0.556640625 0.70555555625 0.566015625 0.7 0.57109375 0.7048611109375 0.578051171875 0.7062888890625 0.57909375 0.6914687500000001 0.58697109375 0.687146528125 0.60078125 0.6881944437499999 0.6009886718749999 0.6885875 0.6027265625 0.686940971875 0.601336328125 0.6879701390624999 0.60546875 0.6659722218749999 0.60546875 0.6576388890625 0.603515625 0.6555555562500001 0.60625 0.6486111109375 0.609375 0.6458333328125 0.609375 0.6423611109375 0.59375 0.6013888890625 0.587890625 0.59375 0.573046875 0.5895833328125 0.53984375 0.59375 0.5265625 0.5888888890625 0.514453125 0.590277778125 0.505078125 0.597222221875 0.496484375 0.6166666671875001 0.4953125 0.6229166671875 0.497265625 0.6347222218749999 0.50037890625 0.7046104171875001 0.507828515625 0.7011277781249999
0 0.75546875 0.7138888890625 0.76484375 0.709722221875 0.774609375 0.7145833328125 0.7796875 0.7125 0.776171875 0.6916666671875 0.77734375 0.665277778125 0.77421875 0.6541666671875 0.76328125 0.64305555625 0.753515625 0.6416666671875 0.7484375 0.6375 0.743359375 0.63819444375 0.736328125 0.64375 0.73046875 0.6541666671875 0.728125 0.66180555625 0.728125 0.68194444375 0.731640625 0.7090277781250001 0.75546875 0.7138888890625
0 0.81171875 0.7125 0.823828125 0.70555555625 0.82890625 0.7118055562500001 0.83359375 0.7125 0.839453125 0.7090277781250001 0.840234375 0.7048611109375 0.8484375 0.70694444375 0.85078125 0.7048611109375 0.852734375 0.69375 0.8515625 0.68194444375 0.846875 0.6777777781250001 0.84921875 0.6659722218749999 0.846875 0.6451388890625 0.847265625 0.63055555625 0.841796875 0.61319444375 0.8375 0.609722221875 0.823828125 0.609027778125 0.81875 0.6138888890625 0.81015625 0.60694444375 0.80234375 0.6083333328125 0.78984375 0.622222221875 0.784375 0.63819444375 0.783203125 0.6548611109375 0.784765625 0.67430555625 0.791015625 0.709722221875 0.81171875 0.7125
0 0.848046875 0.7013888890625 0.841796875 0.702777778125 0.841796875 0.7104166671875001 0.849609375 0.709722221875 0.85234375 0.7048611109375 0.848046875 0.7013888890625
0 0.81328125 0.709722221875 0.83515625 0.6958333328124999 0.841796875 0.7048611109375 0.846875 0.6541666671875 0.845703125 0.6458333328125 0.846484375 0.6291666671875 0.8421875 0.6145833328125 0.837890625 0.6104166671875 0.83203125 0.609722221875 0.822265625 0.6104166671875 0.8171875 0.6145833328125 0.81015625 0.60694444375 0.8046875 0.60694444375 0.798828125 0.6104166671875 0.790625 0.621527778125 0.787109375 0.627777778125 0.784375 0.6388888890625 0.783203125 0.6465277781250001 0.78515625 0.675 0.791015625 0.709722221875 0.81328125 0.709722221875
0 0.864453125 0.7125 0.875390625 0.71319444375 0.87890625 0.7048611109375 0.88125 0.703472221875 0.88671875 0.715277778125 0.891796875 0.71875 0.89609375 0.7166666671875 0.89765625 0.690277778125 0.903125 0.6638888890625 0.901953125 0.640972221875 0.89765625 0.6263888890625 0.884765625 0.6125 0.880078125 0.6125 0.86328125 0.628472221875 0.855859375 0.6465277781250001 0.85625 0.6625 0.861328125 0.67430555625 0.86328125 0.684027778125 0.864453125 0.7125
0 0.82421875 0.7013888890625 0.832421875 0.70069444375 0.8390625 0.703472221875 0.84375 0.70069444375 0.845703125 0.6854166671875 0.844921875 0.672222221875 0.84765625 0.66180555625 0.845703125 0.647222221875 0.846875 0.63055555625 0.84140625 0.61319444375 0.83515625 0.609722221875 0.82265625 0.609722221875 0.81640625 0.6138888890625 0.810546875 0.60694444375 0.802734375 0.6083333328125 0.790625 0.621527778125 0.78515625 0.6375 0.78515625 0.6736111109375 0.791796875 0.709722221875 0.8125 0.7125 0.82421875 0.7013888890625
0 0.849609375 0.6833333328125 0.844140625 0.6854166671875 0.843359375 0.6895833328125 0.8453125 0.69305555625 0.8515625 0.6888888890625 0.849609375 0.6833333328125
0 0.79921875 0.7125 0.80546875 0.709722221875 0.810546875 0.7125 0.817578125 0.70555555625 0.841796875 0.7020833328125 0.84453125 0.6854166671875 0.844140625 0.6697916671875 0.846484375 0.6576388890625 0.845703125 0.6458333328125 0.846875 0.6347222218749999 0.8453125 0.622222221875 0.841796875 0.6138888890625 0.836328125 0.609722221875 0.825 0.609027778125 0.81328125 0.6173611109375 0.810546875 0.6076388890625 0.802734375 0.6083333328125 0.791015625 0.6208333328125 0.7875 0.6270833328125 0.784765625 0.6388888890625 0.78359375 0.6541666671875 0.786328125 0.6826388890625 0.791015625 0.7104166671875001 0.79921875 0.7125
0 0.84159031875 0.701654303125 0.840552734375 0.7005229171875 0.8403342796875 0.7022125421875 0.84159031875 0.701654303125
0 0.84453125 0.7048611109375 0.8421875 0.7013888890625 0.84159031875 0.701654303125 0.84453125 0.7048611109375
0 0.839453125 0.7090277781250001 0.8403342796875 0.7022125421875 0.8390625 0.702777778125 0.839453125 0.7090277781250001
0 0.898828125 0.690277778125 0.9 0.7020833328125 0.9078125 0.7104166671875001 0.938671875 0.715972221875 0.943359375 0.71319444375 0.946484375 0.7166666671875 0.9546875 0.7166666671875 0.9609375 0.6916666671875 0.9625 0.659722221875 0.9703125 0.64444444375 0.97265625 0.6354166671875 0.971875 0.6083333328125 0.968359375 0.59930555625 0.959765625 0.590972221875 0.95078125 0.5958333328125 0.937890625 0.590277778125 0.9234375 0.5888888890625 0.91015625 0.596527778125 0.898046875 0.6111111109375 0.8953125 0.6229166671875 0.901171875 0.6333333328124999 0.90390625 0.65069444375 0.898828125 0.690277778125
0 0.22734375 0.696527778125 0.236328125 0.696527778125 0.240625 0.6604166671875 0.2453125 0.6520833328125 0.255078125 0.672222221875 0.2546875 0.69305555625 0.265625 0.69930555625 0.269921875 0.6972222218749999 0.271875 0.659722221875 0.276953125 0.65625 0.28046875 0.675 0.28046875 0.69375 0.2828125 0.6972222218749999 0.28671875 0.6972222218749999 0.290234375 0.68194444375 0.288671875 0.67569444375 0.290234375 0.6701388890625 0.29140625 0.6361111109375 0.294140625 0.6229166671875 0.296484375 0.584722221875 0.29609375 0.5645833328125 0.29296875 0.55625 0.287890625 0.547222221875 0.2765625 0.5375 0.26484375 0.5166666671875 0.25546875 0.509027778125 0.248046875 0.5111111109375 0.241796875 0.5173611109375 0.234375 0.5333333328125 0.230859375 0.575 0.233203125 0.58819444375 0.2328125 0.615972221875 0.226171875 0.690972221875 0.22734375 0.696527778125
0 0.104296875 0.609722221875 0.10703125 0.6270833328125 0.1140625 0.6208333328125 0.119921875 0.63055555625 0.121484375 0.6520833328125 0.125 0.665277778125 0.12578125 0.68194444375 0.128125 0.690972221875 0.13828125 0.690972221875 0.13984375 0.66180555625 0.141015625 0.6576388890625 0.144140625 0.6555555562500001 0.1546875 0.6569444437499999 0.158984375 0.6638888890625 0.162109375 0.6736111109375 0.162109375 0.6895833328125 0.177734375 0.690972221875 0.183203125 0.65069444375 0.187109375 0.60625 0.18203125 0.5868055562500001 0.170703125 0.5673611109375 0.159375 0.5631944437499999 0.14765625 0.565277778125 0.134375 0.55694444375 0.12890625 0.55694444375 0.123046875 0.5611111109375 0.110546875 0.5631944437499999 0.099609375 0.575 0.09296875 0.57569444375 0.08671875 0.5798611109375 0.085546875 0.5916666671875 0.087109375 0.6 0.091796875 0.60694444375 0.104296875 0.609722221875